-- ID: 
75238,,,,,,,,,,100,100,100,100,100,100,-1.000000,-1.000000,,
147999,,,,,,,,,,22,4,13,7,42,7,36.943897,-3.497460,,
191595,,,,,,,,,,22,4,13,7,47,57,36.943813,-3.497529,,
236580,,,,,,,,,,22,4,13,7,53,48,36.943824,-3.497549,,
274150,,,,,,,,,,22,4,13,7,59,32,36.943817,-3.497525,,
282110,,,,,,,,,,22,4,13,8,4,46,36.943977,-3.497452,,
299919,,,,,,,,,,22,4,13,8,10,11,36.943794,-3.497534,,
306890,,,,,,,,,,22,4,13,8,15,23,36.943809,-3.497565,,
313902,,,,,,,,,,22,4,13,8,20,37,36.943855,-3.497532,,
320885,,,,,,,,,,22,4,13,8,25,50,36.943809,-3.497605,,
337585,,,,,,,,,,22,4,13,8,31,14,36.943733,-3.497625,,
351667,,,,,,,,,,22,4,13,8,36,34,36.943943,-3.497554,,
358653,,,,,,,,,,22,4,13,8,41,47,36.943855,-3.497501,,
395001,,,,,,,,,,22,4,13,8,47,30,36.943893,-3.497508,,
421637,,,,,,,,,,22,4,13,8,53,2,36.943801,-3.497524,,
460805,,,,,,,,,,22,4,13,8,58,46,36.943878,-3.497545,,
513193,,,,,,,,,,22,4,13,9,4,44,36.943927,-3.497470,,
526763,,,,,,,,,,22,4,13,9,10,3,36.943729,-3.497546,,
580885,,,,,,,,,,22,4,13,9,16,3,36.943931,-3.497509,,
616868,,,,,,,,,,22,4,13,9,21,45,36.943992,-3.497515,,
656945,,,,,,,,,,22,4,13,9,27,31,36.943939,-3.497569,,
694130,,,,,,,,,,22,4,13,9,33,14,36.943954,-3.497621,,
730515,,,,,,,,,,22,4,13,9,38,56,36.943931,-3.497577,,
767064,,,,,,,,,,22,4,13,9,44,38,36.943908,-3.497618,,
806734,,,,,,,,,,22,4,13,9,50,24,36.943950,-3.497581,,
848370,,,,,,,,,,22,4,13,9,56,12,36.943931,-3.497578,,
893971,,,,,,,,,,22,4,13,10,2,4,36.943897,-3.497634,,
939613,,,,,,,,,,22,4,13,10,7,56,36.943908,-3.497638,,
968487,,,,,,,,,,22,4,13,10,13,31,36.943923,-3.497633,,
975991,,,,,,,,,,22,4,13,10,18,44,36.943946,-3.497630,,
984473,,,,,,,,,,22,4,13,10,23,58,36.943977,-3.497598,,
1008862,,,,,,,,,,22,4,13,10,29,28,36.943988,-3.497593,,
1046834,,,,,,,,,,22,4,13,10,35,12,36.943988,-3.497604,,
1084273,,,,,,,,,,22,4,13,10,40,55,36.944000,-3.497660,,
1111155,,,,,,,,,,22,4,13,10,46,28,36.943969,-3.497623,,
1122815,,,,,,,,,,22,4,13,10,51,45,36.944145,-3.497722,,
1136424,,,,,,,,,,22,4,13,10,57,4,36.943981,-3.497578,,
1172850,,,,,,,,,,22,4,13,11,2,46,36.943969,-3.497587,,
1211680,,,,,,,,,,22,4,13,11,8,31,36.943992,-3.497538,,
1237028,,,,,,,,,,22,4,13,11,14,2,36.944004,-3.497591,,
1250196,,,,,,,,,,22,4,13,11,19,21,36.943962,-3.497535,,
1284246,,,,,,,,,,22,4,13,11,25,1,36.943992,-3.497612,,
1299960,,,,,,,,,,22,4,13,11,30,22,36.943931,-3.497580,,
1306988,,,,,,,,,,22,4,13,11,35,34,36.943778,-3.497693,,
1316022,,,,,,,,,,22,4,13,11,40,48,36.943778,-3.497622,,
1326049,,,,,,,,,,22,4,13,11,46,4,36.943836,-3.497550,,
1334133,,,,,,,,,,22,4,13,11,51,18,36.943840,-3.497574,,
1342210,,,,,,,,,,22,4,13,11,56,32,36.943862,-3.497573,,
1349304,,,,,,,,,,22,4,13,12,1,45,36.943824,-3.497570,,
1356347,,,,,,,,,,22,4,13,12,6,58,36.943824,-3.497579,,
1363408,,,,,,,,,,22,4,13,12,12,11,36.943809,-3.497498,,
1370477,,,,,,,,,,22,4,13,12,17,23,36.943809,-3.497546,,
1401615,,,,,,,,,,22,4,13,12,23,1,36.943843,-3.497552,,
1417470,,,,,,,,,,22,4,13,12,28,22,36.943809,-3.497559,,
1425524,,,,,,,,,,22,4,13,12,33,35,36.943798,-3.497476,,
1433573,,,,,,,,,,22,4,13,12,38,49,36.943866,-3.497545,,
1443627,,,,,,,,,,22,4,13,12,44,4,36.945049,-3.497485,,
1451661,,,,,,,,,,22,4,13,12,49,18,36.947227,-3.498534,,
1458700,,,,,,,,,,22,4,13,12,54,31,36.948867,-3.498783,,
1476639,,,,,,,,,,22,4,13,12,59,56,36.949668,-3.498770,,
1484329,,,,,,,,,,22,4,13,13,5,9,36.951454,-3.498215,,
1509796,,,,,,,,,,22,4,13,13,10,40,36.952514,-3.497388,,
1516863,,,,,,,,,,22,4,13,13,15,53,36.953117,-3.496742,,
1552731,,,,,,,,,,22,4,13,13,21,35,36.954105,-3.496706,,
1560083,,,,,,,,,,22,4,13,13,26,48,36.955059,-3.497920,,
1580327,,,,,,,,,,22,4,13,13,32,14,36.955574,-3.497989,,
1591339,,,,,,,,,,22,4,13,13,37,31,36.956291,-3.498932,,
1599346,,,,,,,,,,22,4,13,13,42,45,36.957111,-3.499835,,
1611407,,,,,,,,,,22,4,13,13,48,3,36.957862,-3.501137,,
1623541,,,,,,,,,,22,4,13,13,53,21,36.958206,-3.501127,,
1635684,,,,,,,,,,22,4,13,13,58,39,36.958030,-3.502159,,
1644754,,,,,,,,,,22,4,13,14,3,53,36.957820,-3.501304,,
1653794,,,,,,,,,,22,4,13,14,9,8,36.958023,-3.500879,,
1667043,,,,,,,,,,22,4,13,14,14,28,36.958152,-3.500104,,
1676079,,,,,,,,,,22,4,13,14,19,42,36.958328,-3.500078,,
1685129,,,,,,,,,,22,4,13,14,24,57,36.958332,-3.500185,,
1702496,,,,,,,,,,22,4,13,14,30,21,36.958652,-3.500029,,
1711559,,,,,,,,,,22,4,13,14,35,35,36.958335,-3.500169,,
1726656,,,,,,,,,,22,4,13,14,40,57,36.958435,-3.499958,,
1735737,,,,,,,,,,22,4,13,14,46,12,36.958473,-3.499482,,
1751537,,,,,,,,,,22,4,13,14,51,34,36.958698,-3.500297,,
1760600,,,,,,,,,,22,4,13,14,56,48,36.958377,-3.499939,,
1769640,,,,,,,,,,22,4,13,15,2,3,36.958122,-3.499492,,
1810991,,,,,,,,,,22,4,13,15,7,51,36.957504,-3.499335,,
1876435,,,,,,,,,,22,4,13,15,14,2,36.955066,-3.499403,,
1929634,,,,,,,,,,22,4,13,15,20,1,36.954814,-3.498796,,
1937640,,,,,,,,,,22,4,13,15,25,14,36.954715,-3.498750,,
1945638,,,,,,,,,,22,4,13,15,30,28,36.954719,-3.498804,,
1953637,,,,,,,,,,22,4,13,15,35,42,36.954566,-3.498570,,
1961634,,,,,,,,,,22,4,13,15,40,56,36.955265,-3.499099,,
1969646,,,,,,,,,,22,4,13,15,46,10,36.954681,-3.498996,,
1977670,,,,,,,,,,22,4,13,15,51,24,36.954620,-3.498930,,
1984699,,,,,,,,,,22,4,13,15,56,37,36.954704,-3.499038,,
1997867,,,,,,,,,,22,4,13,16,1,57,36.956108,-3.500212,,
2004912,,,,,,,,,,22,4,13,16,7,9,36.956604,-3.500002,,
2011949,,,,,,,,,,22,4,13,16,12,22,36.956600,-3.499438,,
2031012,,,,,,,,,,22,4,13,16,17,48,36.956584,-3.499257,,
2044812,,,,,,,,,,22,4,13,16,23,7,36.956295,-3.499016,,
2063367,,,,,,,,,,22,4,13,16,28,31,36.956230,-3.498461,,
2084543,,,,,,,,,,22,4,13,16,33,58,36.957035,-3.498424,,
2096298,,,,,,,,,,22,4,13,16,39,16,36.955821,-3.498339,,
2107787,,,,,,,,,,22,4,13,16,44,33,36.955116,-3.497950,,
2143870,,,,,,,,,,22,4,13,16,50,15,36.955310,-3.497682,,
2209832,,,,,,,,,,22,4,13,16,56,27,36.954589,-3.497384,,
2251373,,,,,,,,,,22,4,13,17,2,15,36.953681,-3.496913,,
2271024,,,,,,,,,,22,4,13,17,7,41,36.953235,-3.496167,,
2309021,,,,,,,,,,22,4,13,17,13,25,36.953399,-3.496132,,
2329040,,,,,,,,,,22,4,13,17,18,51,36.953605,-3.496365,,
2359364,,,,,,,,,,22,4,13,17,24,27,36.953777,-3.496349,,
2368432,,,,,,,,,,22,4,13,17,29,42,36.951377,-3.497089,,
2396367,,,,,,,,,,22,4,13,17,35,17,36.950843,-3.497495,,
2405411,,,,,,,,,,22,4,13,17,40,31,36.949302,-3.496569,,
2413451,,,,,,,,,,22,4,13,17,45,46,36.949329,-3.496776,,
2421493,,,,,,,,,,22,4,13,17,51,0,36.949489,-3.497305,,
2429533,,,,,,,,,,22,4,13,17,56,15,36.949623,-3.497598,,
2437608,,,,,,,,,,22,4,13,18,1,29,36.949451,-3.497364,,
2446677,,,,,,,,,,22,4,13,18,6,44,36.949302,-3.497281,,
2454742,,,,,,,,,,22,4,13,18,11,59,36.949409,-3.498993,,
2471087,,,,,,,,,,22,4,13,18,17,22,36.949199,-3.498578,,
2523602,,,,,,,,,,22,4,13,18,23,21,36.948379,-3.498017,,
2566700,,,,,,,,,,22,4,13,18,29,10,36.947475,-3.497613,,
2628458,,,,,,,,,,22,4,13,18,35,18,36.947254,-3.497346,,
2669571,,,,,,,,,,22,4,13,18,41,5,36.946994,-3.496798,,
2707483,,,,,,,,,,22,4,13,18,46,49,36.946338,-3.496707,,
2715472,,,,,,,,,,22,4,13,18,52,3,36.942802,-3.496311,,
2724500,,,,,,,,,,22,4,13,18,57,18,36.942806,-3.496619,,
2734517,,,,,,,,,,22,4,13,19,2,35,36.943313,-3.497166,,
2743557,,,,,,,,,,22,4,13,19,7,50,36.943328,-3.497215,,
2750580,,,,,,,,,,22,4,13,19,13,4,36.943969,-3.497685,,
2778370,,,,,,,,,,22,4,13,19,18,39,36.943923,-3.497716,,
2791260,,,,,,,,,,22,4,13,19,23,58,36.943988,-3.497645,,
2800312,,,,,,,,,,22,4,13,19,29,12,36.943889,-3.497644,,
2808368,,,,,,,,,,22,4,13,19,34,27,36.944190,-3.497613,,
2818395,,,,,,,,,,22,4,13,19,39,43,36.943794,-3.497460,,
2826454,,,,,,,,,,22,4,13,19,44,58,36.943859,-3.497514,,
2846478,,,,,,,,,,22,4,13,19,50,25,36.943862,-3.497542,,
2876615,,,,,,,,,,22,4,13,19,56,1,36.943920,-3.497559,,
2890880,,,,,,,,,,22,4,13,20,1,21,36.943878,-3.497511,,
2898936,,,,,,,,,,22,4,13,20,6,35,36.943859,-3.497477,,
2907969,,,,,,,,,,22,4,13,20,11,50,36.943828,-3.497611,,
2916018,,,,,,,,,,22,4,13,20,17,5,36.943836,-3.497547,,
2924066,,,,,,,,,,22,4,13,20,22,19,36.943855,-3.497569,,
2932115,,,,,,,,,,22,4,13,20,27,34,36.943843,-3.497580,,
2970270,,,,,,,,,,22,4,13,20,33,19,36.943840,-3.497512,,
2980306,,,,,,,,,,22,4,13,20,38,35,36.943874,-3.497433,,
2989338,,,,,,,,,,22,4,13,20,43,50,36.943851,-3.497587,,
2997375,,,,,,,,,,22,4,13,20,49,5,36.943771,-3.497588,,
3004437,,,,,,,,,,22,4,13,20,54,18,36.943828,-3.497604,,
3039935,,,,,,,,,,22,4,13,21,0,1,36.943866,-3.497570,,
3048961,,,,,,,,,,22,4,13,21,5,16,36.943794,-3.497576,,
3055996,,,,,,,,,,22,4,13,21,10,30,36.943847,-3.497467,,
3069011,,,,,,,,,,22,4,13,21,15,49,36.943759,-3.497677,,
3084553,,,,,,,,,,22,4,13,21,21,12,36.943798,-3.497486,,
3100393,,,,,,,,,,22,4,13,21,26,34,36.943778,-3.497582,,
3109383,,,,,,,,,,22,4,13,21,31,48,36.943859,-3.497493,,
3145838,,,,,,,,,,22,4,13,21,37,32,36.943855,-3.497539,,
3159271,,,,,,,,,,22,4,13,21,42,52,36.943885,-3.497549,,
3199840,,,,,,,,,,22,4,13,21,48,39,36.943832,-3.497535,,
3207825,,,,,,,,,,22,4,13,21,53,53,36.943748,-3.497609,,
3214830,,,,,,,,,,22,4,13,21,59,6,36.943740,-3.497539,,
3223835,,,,,,,,,,22,4,13,22,4,22,36.943847,-3.497611,,
3233850,,,,,,,,,,22,4,13,22,9,38,36.943950,-3.497461,,
3246564,,,,,,,,,,22,4,13,22,14,58,36.943893,-3.497550,,
3254586,,,,,,,,,,22,4,13,22,20,11,36.943775,-3.497588,,
3270382,,,,,,,,,,22,4,13,22,25,34,36.943756,-3.497590,,
3283600,,,,,,,,,,22,4,13,22,30,53,36.943920,-3.497599,,
3302215,,,,,,,,,,22,4,13,22,36,18,36.943851,-3.497501,,
3317192,,,,,,,,,,22,4,13,22,41,39,36.943828,-3.497573,,
3325216,,,,,,,,,,22,4,13,22,46,52,36.943859,-3.497557,,
3334246,,,,,,,,,,22,4,13,22,52,7,36.943813,-3.497659,,
3343276,,,,,,,,,,22,4,13,22,57,23,36.943840,-3.497582,,
3355302,,,,,,,,,,22,4,13,23,2,41,36.943912,-3.497695,,
3364401,,,,,,,,,,22,4,13,23,7,57,36.943878,-3.497618,,
3371512,,,,,,,,,,22,4,13,23,13,10,36.943836,-3.497665,,
3381609,,,,,,,,,,22,4,13,23,18,27,36.943763,-3.497646,,
3390708,,,,,,,,,,22,4,13,23,23,42,36.943851,-3.497699,,
3400800,,,,,,,,,,22,4,13,23,28,59,36.943840,-3.497512,,
3408878,,,,,,,,,,22,4,13,23,34,13,36.943862,-3.497634,,
3416958,,,,,,,,,,22,4,13,23,39,28,36.943885,-3.497627,,
3426031,,,,,,,,,,22,4,13,23,44,43,36.943897,-3.497637,,
3436133,,,,,,,,,,22,4,13,23,50,0,36.943851,-3.497592,,
3446205,,,,,,,,,,22,4,13,23,55,16,36.943855,-3.497612,,
3455292,,,,,,,,,,22,4,14,0,0,32,36.943893,-3.497610,,
3464379,,,,,,,,,,22,4,14,0,5,48,36.943923,-3.497552,,
3472431,,,,,,,,,,22,4,14,0,11,2,36.943801,-3.497594,,
3493196,,,,,,,,,,22,4,14,0,16,30,36.943958,-3.497739,,
3509236,,,,,,,,,,22,4,14,0,21,52,36.943958,-3.497597,,
3520672,,,,,,,,,,22,4,14,0,27,9,36.943943,-3.497588,,
3529747,,,,,,,,,,22,4,14,0,32,24,36.943939,-3.497536,,
3538832,,,,,,,,,,22,4,14,0,37,39,36.943973,-3.497494,,
3577525,,,,,,,,,,22,4,14,0,43,25,36.943969,-3.497480,,
3586532,,,,,,,,,,22,4,14,0,48,40,36.943805,-3.497493,,
3595564,,,,,,,,,,22,4,14,0,53,55,36.943759,-3.497510,,
3608065,,,,,,,,,,22,4,14,0,59,15,36.943817,-3.497420,,
3617097,,,,,,,,,,22,4,14,1,4,30,36.943836,-3.497541,,
3626110,,,,,,,,,,22,4,14,1,9,45,36.943866,-3.497478,,
3635158,,,,,,,,,,22,4,14,1,15,1,36.943889,-3.497480,,
3642231,,,,,,,,,,22,4,14,1,20,14,36.943866,-3.497555,,
3649296,,,,,,,,,,22,4,14,1,25,28,36.943870,-3.497553,,
3657357,,,,,,,,,,22,4,14,1,30,42,36.943885,-3.497567,,
3666397,,,,,,,,,,22,4,14,1,35,58,36.943927,-3.497574,,
3675428,,,,,,,,,,22,4,14,1,41,13,36.943901,-3.497569,,
3684472,,,,,,,,,,22,4,14,1,46,29,36.943878,-3.497485,,
3691513,,,,,,,,,,22,4,14,1,51,42,36.943885,-3.497509,,
3700557,,,,,,,,,,22,4,14,1,56,58,36.943923,-3.497592,,
3707641,,,,,,,,,,22,4,14,2,2,11,36.943965,-3.497491,,
3714725,,,,,,,,,,22,4,14,2,7,25,36.943950,-3.497550,,
3721772,,,,,,,,,,22,4,14,2,12,38,36.943813,-3.497498,,
3728850,,,,,,,,,,22,4,14,2,17,52,36.943912,-3.497549,,
3737945,,,,,,,,,,22,4,14,2,23,7,36.943855,-3.497524,,
3744996,,,,,,,,,,22,4,14,2,28,21,36.943931,-3.497576,,
3754067,,,,,,,,,,22,4,14,2,33,37,36.943847,-3.497471,,
3764158,,,,,,,,,,22,4,14,2,38,53,36.943885,-3.497501,,
3771283,,,,,,,,,,22,4,14,2,44,7,36.943920,-3.497499,,
3780364,,,,,,,,,,22,4,14,2,49,22,36.943515,-3.497010,,
3789467,,,,,,,,,,22,4,14,2,54,37,36.943862,-3.497436,,
3799562,,,,,,,,,,22,4,14,2,59,54,36.943859,-3.497499,,
3809659,,,,,,,,,,22,4,14,3,5,10,36.943923,-3.497440,,
3819735,,,,,,,,,,22,4,14,3,10,27,36.943756,-3.497533,,
3829828,,,,,,,,,,22,4,14,3,15,43,36.943843,-3.497526,,
3845463,,,,,,,,,,22,4,14,3,21,6,36.943782,-3.497578,,
3856500,,,,,,,,,,22,4,14,3,26,23,36.943775,-3.497586,,
3870598,,,,,,,,,,22,4,14,3,31,43,36.943664,-3.497426,,
3879740,,,,,,,,,,22,4,14,3,36,59,36.943687,-3.497470,,
3892874,,,,,,,,,,22,4,14,3,42,18,36.943763,-3.497422,,
3902984,,,,,,,,,,22,4,14,3,47,35,36.943595,-3.497456,,
3913122,,,,,,,,,,22,4,14,3,52,51,36.943645,-3.497320,,
3933835,,,,,,,,,,22,4,14,3,58,19,36.943794,-3.497403,,
3943919,,,,,,,,,,22,4,14,4,3,35,36.943504,-3.497334,,
3954023,,,,,,,,,,22,4,14,4,8,51,36.943664,-3.497254,,
3975990,,,,,,,,,,22,4,14,4,14,20,36.943744,-3.497524,,
3989185,,,,,,,,,,22,4,14,4,19,39,36.944023,-3.498090,,
4004889,,,,,,,,,,22,4,14,4,25,1,36.943737,-3.497463,,
4019854,,,,,,,,,,22,4,14,4,30,22,36.943790,-3.497464,,
4029014,,,,,,,,,,22,4,14,4,35,36,36.943611,-3.497305,,
4039156,,,,,,,,,,22,4,14,4,40,53,36.943508,-3.497213,,
4050328,,,,,,,,,,22,4,14,4,46,10,36.943611,-3.497289,,
4064470,,,,,,,,,,22,4,14,4,51,31,36.943805,-3.497548,,
4078636,,,,,,,,,,22,4,14,4,56,52,36.943626,-3.497486,,
4097240,,,,,,,,,,22,4,14,5,2,17,36.943866,-3.497517,,
4112444,,,,,,,,,,22,4,14,5,7,38,36.943649,-3.497512,,
4125748,,,,,,,,,,22,4,14,5,12,58,36.943729,-3.497499,,
4139540,,,,,,,,,,22,4,14,5,18,18,36.943614,-3.497646,,
4152723,,,,,,,,,,22,4,14,5,23,36,36.944206,-3.497131,,
4166514,,,,,,,,,,22,4,14,5,28,57,36.943965,-3.497273,,
4175728,,,,,,,,,,22,4,14,5,34,12,36.943778,-3.497256,,
4184844,,,,,,,,,,22,4,14,5,39,27,36.943717,-3.497303,,
4202049,,,,,,,,,,22,4,14,5,44,51,36.943965,-3.497258,,
4212287,,,,,,,,,,22,4,14,5,50,7,36.943847,-3.497283,,
4222400,,,,,,,,,,22,4,14,5,55,24,36.943794,-3.497277,,
4231540,,,,,,,,,,22,4,14,6,0,39,36.943889,-3.497271,,
4240707,,,,,,,,,,22,4,14,6,5,54,36.943733,-3.497254,,
4249843,,,,,,,,,,22,4,14,6,11,10,36.943927,-3.497244,,
4259006,,,,,,,,,,22,4,14,6,16,25,36.943813,-3.497295,,
4268240,,,,,,,,,,22,4,14,6,21,41,36.943756,-3.497272,,
4277356,,,,,,,,,,22,4,14,6,26,56,36.943847,-3.497319,,
4288497,,,,,,,,,,22,4,14,6,32,13,36.943771,-3.497307,,
4297721,,,,,,,,,,22,4,14,6,37,29,36.943824,-3.497232,,
4307893,,,,,,,,,,22,4,14,6,42,45,36.943756,-3.497292,,
4317037,,,,,,,,,,22,4,14,6,48,1,36.943817,-3.497288,,
4330652,,,,,,,,,,22,4,14,6,53,21,36.943805,-3.497355,,
4342852,,,,,,,,,,22,4,14,6,58,39,36.943805,-3.497212,,
4352021,,,,,,,,,,22,4,14,7,3,54,36.943675,-3.497245,,
4362228,,,,,,,,,,22,4,14,7,9,10,36.943809,-3.497255,,
4372364,,,,,,,,,,22,4,14,7,14,26,36.943641,-3.497157,,
4382543,,,,,,,,,,22,4,14,7,19,42,36.943798,-3.497259,,
4391720,,,,,,,,,,22,4,14,7,24,57,36.943798,-3.497309,,
4400889,,,,,,,,,,22,4,14,7,30,12,36.943763,-3.497344,,
4412020,,,,,,,,,,22,4,14,7,35,30,36.943782,-3.497376,,
4421195,,,,,,,,,,22,4,14,7,40,45,36.943805,-3.497237,,
4430337,,,,,,,,,,22,4,14,7,46,0,36.943981,-3.497262,,
4439524,,,,,,,,,,22,4,14,7,51,15,36.943904,-3.497320,,
4456996,,,,,,,,,,22,4,14,7,56,39,36.943889,-3.497279,,
4465261,,,,,,,,,,22,4,14,8,1,53,36.943920,-3.497309,,
4477463,,,,,,,,,,22,4,14,8,7,11,36.943954,-3.497315,,
4487728,,,,,,,,,,22,4,14,8,12,27,36.943889,-3.497358,,
4498003,,,,,,,,,,22,4,14,8,17,43,36.943908,-3.497221,,
4507207,,,,,,,,,,22,4,14,8,22,58,36.943897,-3.497311,,
4516390,,,,,,,,,,22,4,14,8,28,13,36.943992,-3.497298,,
4525608,,,,,,,,,,22,4,14,8,33,27,36.943977,-3.497202,,
4537087,,,,,,,,,,22,4,14,8,38,45,36.943962,-3.497126,,
4547235,,,,,,,,,,22,4,14,8,44,0,36.944000,-3.497108,,
4557488,,,,,,,,,,22,4,14,8,49,16,36.944042,-3.497164,,
4566726,,,,,,,,,,22,4,14,8,54,30,36.944023,-3.496981,,
4585308,,,,,,,,,,22,4,14,8,59,55,36.944007,-3.497092,,
4601180,,,,,,,,,,22,4,14,9,5,16,36.944145,-3.496802,,
4615503,,,,,,,,,,22,4,14,9,10,35,36.944026,-3.497122,,
4624328,,,,,,,,,,22,4,14,9,15,49,36.944042,-3.497113,,
4639722,,,,,,,,,,22,4,14,9,21,9,36.944084,-3.497106,,
4648898,,,,,,,,,,22,4,14,9,26,23,36.944049,-3.497332,,
4661025,,,,,,,,,,22,4,14,9,31,40,36.944122,-3.497224,,
4671195,,,,,,,,,,22,4,14,9,36,56,36.944099,-3.497293,,
4688372,,,,,,,,,,22,4,14,9,42,19,36.944110,-3.497312,,
4697547,,,,,,,,,,22,4,14,9,47,33,36.944095,-3.497355,,
4706644,,,,,,,,,,22,4,14,9,52,48,36.944030,-3.497399,,
4727343,,,,,,,,,,22,4,14,9,58,14,36.944114,-3.497428,,
4737470,,,,,,,,,,22,4,14,10,3,28,36.944065,-3.497369,,
4746669,,,,,,,,,,22,4,14,10,8,43,36.944114,-3.497443,,
4761078,,,,,,,,,,22,4,14,10,14,3,36.943988,-3.497369,,
4773927,,,,,,,,,,22,4,14,10,19,21,36.944099,-3.497483,,
4783069,,,,,,,,,,22,4,14,10,24,34,36.943965,-3.497434,,
4792273,,,,,,,,,,22,4,14,10,29,49,36.943897,-3.497406,,
4801461,,,,,,,,,,22,4,14,10,35,4,36.943977,-3.497475,,
4810634,,,,,,,,,,22,4,14,10,40,19,36.943912,-3.497447,,
4823823,,,,,,,,,,22,4,14,10,45,37,36.944084,-3.497516,,
4832931,,,,,,,,,,22,4,14,10,50,52,36.943683,-3.497295,,
4846055,,,,,,,,,,22,4,14,10,56,11,36.944129,-3.497590,,
4862648,,,,,,,,,,22,4,14,11,1,34,36.944179,-3.497581,,
4871809,,,,,,,,,,22,4,14,11,6,48,36.944046,-3.497563,,
4882993,,,,,,,,,,22,4,14,11,12,5,36.944099,-3.497585,,
4892166,,,,,,,,,,22,4,14,11,17,20,36.944046,-3.497574,,
4904661,,,,,,,,,,22,4,14,11,22,39,36.944164,-3.497695,,
4920007,,,,,,,,,,22,4,14,11,28,0,36.943931,-3.497637,,
4930157,,,,,,,,,,22,4,14,11,33,15,36.943840,-3.497752,,
4941311,,,,,,,,,,22,4,14,11,38,33,36.943996,-3.497626,,
4956124,,,,,,,,,,22,4,14,11,43,54,36.943981,-3.497550,,
4965721,,,,,,,,,,22,4,14,11,49,9,36.943977,-3.497471,,
4975099,,,,,,,,,,22,4,14,11,54,24,36.943939,-3.497476,,
4986281,,,,,,,,,,22,4,14,11,59,41,36.944007,-3.497460,,
4995440,,,,,,,,,,22,4,14,12,4,56,36.944000,-3.497540,,
5003585,,,,,,,,,,22,4,14,12,10,10,36.943946,-3.497567,,
5011789,,,,,,,,,,22,4,14,12,15,24,36.944000,-3.497544,,
5021020,,,,,,,,,,22,4,14,12,20,39,36.944053,-3.497534,,
5031219,,,,,,,,,,22,4,14,12,25,55,36.944046,-3.497398,,
5040404,,,,,,,,,,22,4,14,12,31,11,36.944057,-3.497612,,
5049583,,,,,,,,,,22,4,14,12,36,26,36.943962,-3.497564,,
5058797,,,,,,,,,,22,4,14,12,41,41,36.944000,-3.497448,,
5067936,,,,,,,,,,22,4,14,12,46,56,36.944366,-3.497516,,
5081053,,,,,,,,,,22,4,14,12,52,16,36.943977,-3.497457,,
5091264,,,,,,,,,,22,4,14,12,57,32,36.944023,-3.497556,,
5101447,,,,,,,,,,22,4,14,13,2,48,36.944046,-3.497457,,
5109678,,,,,,,,,,22,4,14,13,8,3,36.944053,-3.497401,,
5120853,,,,,,,,,,22,4,14,13,13,20,36.944236,-3.497438,,
5133520,,,,,,,,,,22,4,14,13,18,39,36.944202,-3.497282,,
5142728,,,,,,,,,,22,4,14,13,23,53,36.944000,-3.497384,,
5153916,,,,,,,,,,22,4,14,13,29,10,36.943958,-3.497357,,
5163107,,,,,,,,,,22,4,14,13,34,26,36.944072,-3.497437,,
5172307,,,,,,,,,,22,4,14,13,39,41,36.944114,-3.497578,,
5188050,,,,,,,,,,22,4,14,13,45,3,36.943737,-3.497367,,
5197225,,,,,,,,,,22,4,14,13,50,17,36.946334,-3.497036,,
5206392,,,,,,,,,,22,4,14,13,55,32,36.949054,-3.499700,,
5216526,,,,,,,,,,22,4,14,14,0,48,36.949729,-3.499205,,
5225645,,,,,,,,,,22,4,14,14,6,4,36.950370,-3.498723,,
5236803,,,,,,,,,,22,4,14,14,11,21,36.951374,-3.498120,,
5245943,,,,,,,,,,22,4,14,14,16,36,36.952972,-3.496820,,
5255104,,,,,,,,,,22,4,14,14,21,52,36.954948,-3.497368,,
5265330,,,,,,,,,,22,4,14,14,27,8,36.956306,-3.498768,,
5273510,,,,,,,,,,22,4,14,14,32,22,36.957824,-3.501469,,
5282687,,,,,,,,,,22,4,14,14,37,37,36.958686,-3.502594,,
5291856,,,,,,,,,,22,4,14,14,42,53,36.958366,-3.504108,,
5305027,,,,,,,,,,22,4,14,14,48,12,36.957828,-3.504076,,
5314233,,,,,,,,,,22,4,14,14,53,27,36.957588,-3.503289,,
5324405,,,,,,,,,,22,4,14,14,58,44,36.957637,-3.503382,,
5333568,,,,,,,,,,22,4,14,15,3,59,36.957515,-3.502965,,
5342774,,,,,,,,,,22,4,14,15,9,14,36.958152,-3.503280,,
5351912,,,,,,,,,,22,4,14,15,14,29,36.958770,-3.503071,,
5360049,,,,,,,,,,22,4,14,15,19,44,36.959587,-3.501616,,
5374920,,,,,,,,,,22,4,14,15,25,5,36.959877,-3.500131,,
5383534,,,,,,,,,,22,4,14,15,30,19,36.960548,-3.500114,,
5393034,,,,,,,,,,22,4,14,15,35,34,36.960834,-3.499663,,
5402334,,,,,,,,,,22,4,14,15,40,49,36.960830,-3.499803,,
5411443,,,,,,,,,,22,4,14,15,46,3,36.960365,-3.498021,,
5420626,,,,,,,,,,22,4,14,15,51,19,36.959850,-3.496690,,
5429811,,,,,,,,,,22,4,14,15,56,34,36.959827,-3.495765,,
5439007,,,,,,,,,,22,4,14,16,1,49,36.959716,-3.495438,,
5448134,,,,,,,,,,22,4,14,16,7,4,36.959640,-3.495324,,
5457299,,,,,,,,,,22,4,14,16,12,19,36.959770,-3.495258,,
5467470,,,,,,,,,,22,4,14,16,17,36,36.959590,-3.495120,,
5477618,,,,,,,,,,22,4,14,16,22,52,36.960685,-3.496236,,
5487786,,,,,,,,,,22,4,14,16,28,8,36.960647,-3.495674,,
5496984,,,,,,,,,,22,4,14,16,33,23,36.960559,-3.495883,,
5506155,,,,,,,,,,22,4,14,16,38,39,36.959907,-3.496593,,
5516389,,,,,,,,,,22,4,14,16,43,55,36.960105,-3.498373,,
5529576,,,,,,,,,,22,4,14,16,49,14,36.959346,-3.499268,,
5542802,,,,,,,,,,22,4,14,16,54,34,36.958530,-3.498634,,
5552724,,,,,,,,,,22,4,14,16,59,50,36.958396,-3.498763,,
5567347,,,,,,,,,,22,4,14,17,5,10,36.958412,-3.499440,,
5578615,,,,,,,,,,22,4,14,17,10,27,36.958469,-3.499437,,
5591669,,,,,,,,,,22,4,14,17,15,46,36.958801,-3.500339,,
5601888,,,,,,,,,,22,4,14,17,21,2,36.958759,-3.500254,,
5614432,,,,,,,,,,22,4,14,17,26,21,36.958808,-3.500105,,
5627677,,,,,,,,,,22,4,14,17,31,40,36.958610,-3.499758,,
5647541,,,,,,,,,,22,4,14,17,37,6,36.958499,-3.499208,,
5659653,,,,,,,,,,22,4,14,17,42,23,36.958412,-3.499217,,
5669796,,,,,,,,,,22,4,14,17,47,39,36.958873,-3.500243,,
5679907,,,,,,,,,,22,4,14,17,52,56,36.957366,-3.501310,,
5697510,,,,,,,,,,22,4,14,17,58,20,36.957317,-3.501302,,
5707668,,,,,,,,,,22,4,14,18,3,35,36.957313,-3.501436,,
5724508,,,,,,,,,,22,4,14,18,8,59,36.957427,-3.500489,,
5732964,,,,,,,,,,22,4,14,18,14,13,36.955772,-3.500154,,
5747140,,,,,,,,,,22,4,14,18,19,33,36.955974,-3.500541,,
5766893,,,,,,,,,,22,4,14,18,24,59,36.956367,-3.500688,,
5783128,,,,,,,,,,22,4,14,18,30,21,36.956550,-3.500408,,
5792268,,,,,,,,,,22,4,14,18,35,36,36.955268,-3.499835,,
5803387,,,,,,,,,,22,4,14,18,40,53,36.954845,-3.500483,,
5819474,,,,,,,,,,22,4,14,18,46,16,36.954933,-3.500140,,
5828662,,,,,,,,,,22,4,14,18,51,31,36.954978,-3.499136,,
5837847,,,,,,,,,,22,4,14,18,56,46,36.954620,-3.499119,,
5846990,,,,,,,,,,22,4,14,19,2,2,36.954845,-3.498430,,
5856178,,,,,,,,,,22,4,14,19,7,17,36.953079,-3.497568,,
5865372,,,,,,,,,,22,4,14,19,12,33,36.951530,-3.497413,,
5874518,,,,,,,,,,22,4,14,19,17,48,36.949523,-3.498260,,
5885663,,,,,,,,,,22,4,14,19,23,6,36.947689,-3.498267,,
5895844,,,,,,,,,,22,4,14,19,28,22,36.947364,-3.498216,,
5905984,,,,,,,,,,22,4,14,19,33,39,36.946907,-3.497854,,
5915153,,,,,,,,,,22,4,14,19,38,54,36.946743,-3.497619,,
5936984,,,,,,,,,,22,4,14,19,44,23,36.945720,-3.496690,,
5948113,,,,,,,,,,22,4,14,19,49,40,36.944694,-3.497341,,
5964647,,,,,,,,,,22,4,14,19,55,3,36.944587,-3.497177,,
5976767,,,,,,,,,,22,4,14,20,0,21,36.944557,-3.497397,,
5988959,,,,,,,,,,22,4,14,20,5,39,36.944549,-3.497446,,
5999160,,,,,,,,,,22,4,14,20,10,56,36.944396,-3.497532,,
6012417,,,,,,,,,,22,4,14,20,16,16,36.944229,-3.497483,,
6021602,,,,,,,,,,22,4,14,20,21,31,36.944282,-3.497429,,
6030732,,,,,,,,,,22,4,14,20,26,47,36.944236,-3.497461,,
6039937,,,,,,,,,,22,4,14,20,32,2,36.944293,-3.497442,,
6054103,,,,,,,,,,22,4,14,20,37,23,36.944145,-3.497375,,
6066180,,,,,,,,,,22,4,14,20,42,41,36.944190,-3.497531,,
6075320,,,,,,,,,,22,4,14,20,47,57,36.944259,-3.497468,,
6084487,,,,,,,,,,22,4,14,20,53,12,36.944221,-3.497464,,
6094690,,,,,,,,,,22,4,14,20,58,29,36.944210,-3.497469,,
6103833,,,,,,,,,,22,4,14,21,3,44,36.944248,-3.497420,,
6112961,,,,,,,,,,22,4,14,21,9,0,36.944236,-3.497392,,
6124118,,,,,,,,,,22,4,14,21,14,17,36.944206,-3.497493,,
6168668,,,,,,,,,,22,4,14,21,20,9,36.943920,-3.497496,,
6177676,,,,,,,,,,22,4,14,21,25,23,36.944065,-3.497415,,
6187685,,,,,,,,,,22,4,14,21,30,40,36.943969,-3.497622,,
6196694,,,,,,,,,,22,4,14,21,35,56,36.944072,-3.497426,,
6209054,,,,,,,,,,22,4,14,21,41,15,36.943988,-3.497491,,
6217066,,,,,,,,,,22,4,14,21,46,29,36.943847,-3.497569,,
6227068,,,,,,,,,,22,4,14,21,51,45,36.943912,-3.497571,,
6236100,,,,,,,,,,22,4,14,21,57,1,36.943916,-3.497547,,
6245151,,,,,,,,,,22,4,14,22,2,16,36.943973,-3.497502,,
6254201,,,,,,,,,,22,4,14,22,7,32,36.943950,-3.497584,,
6267480,,,,,,,,,,22,4,14,22,12,52,36.944049,-3.497635,,
6277534,,,,,,,,,,22,4,14,22,18,8,36.944004,-3.497622,,
6287590,,,,,,,,,,22,4,14,22,23,24,36.944042,-3.497743,,
6298649,,,,,,,,,,22,4,14,22,28,42,36.944000,-3.497602,,
6317147,,,,,,,,,,22,4,14,22,34,7,36.944057,-3.497658,,
6326187,,,,,,,,,,22,4,14,22,39,22,36.944103,-3.497667,,
6335235,,,,,,,,,,22,4,14,22,44,37,36.943992,-3.497683,,
6348465,,,,,,,,,,22,4,14,22,49,57,36.943969,-3.497571,,
6366182,,,,,,,,,,22,4,14,22,55,21,36.943943,-3.497548,,
6379357,,,,,,,,,,22,4,14,23,0,40,36.944076,-3.497551,,
6393024,,,,,,,,,,22,4,14,23,6,0,36.943939,-3.497616,,
6400281,,,,,,,,,,22,4,14,23,11,13,36.943885,-3.497562,,
6420153,,,,,,,,,,22,4,14,23,16,39,36.943962,-3.497633,,
6434497,,,,,,,,,,22,4,14,23,21,59,36.944091,-3.497799,,
6444590,,,,,,,,,,22,4,14,23,27,15,36.943988,-3.497793,,
6458119,,,,,,,,,,22,4,14,23,32,35,36.943931,-3.497713,,
6473239,,,,,,,,,,22,4,14,23,37,55,36.944107,-3.497838,,
6484360,,,,,,,,,,22,4,14,23,43,13,36.943855,-3.497711,,
6501668,,,,,,,,,,22,4,14,23,48,37,36.943843,-3.497766,,
6511775,,,,,,,,,,22,4,14,23,53,53,36.943939,-3.497631,,
6521878,,,,,,,,,,22,4,14,23,59,9,36.943851,-3.497828,,
6530992,,,,,,,,,,22,4,15,0,4,24,36.943843,-3.497846,,
6547765,,,,,,,,,,22,4,15,0,9,48,36.944004,-3.497607,,
6561089,,,,,,,,,,22,4,15,0,15,7,36.943778,-3.497670,,
6573032,,,,,,,,,,22,4,15,0,20,25,36.943984,-3.497735,,
6585095,,,,,,,,,,22,4,15,0,25,42,36.944114,-3.497596,,
6598207,,,,,,,,,,22,4,15,0,31,1,36.943290,-3.496863,,
6607331,,,,,,,,,,22,4,15,0,36,17,36.943920,-3.497662,,
6620424,,,,,,,,,,22,4,15,0,41,36,36.943904,-3.497717,,
6634571,,,,,,,,,,22,4,15,0,46,57,36.944194,-3.497692,,
6646330,,,,,,,,,,22,4,15,0,52,15,36.943782,-3.497220,,
6656486,,,,,,,,,,22,4,15,0,57,30,36.944175,-3.497668,,
6671375,,,,,,,,,,22,4,15,1,2,52,36.944080,-3.497612,,
6683841,,,,,,,,,,22,4,15,1,8,10,36.944095,-3.497811,,
6694004,,,,,,,,,,22,4,15,1,13,26,36.944149,-3.497640,,
6705180,,,,,,,,,,22,4,15,1,18,43,36.944206,-3.497601,,
6714335,,,,,,,,,,22,4,15,1,23,58,36.944225,-3.497605,,
6724442,,,,,,,,,,22,4,15,1,29,15,36.944248,-3.497728,,
6733523,,,,,,,,,,22,4,15,1,34,30,36.944278,-3.497797,,
6745596,,,,,,,,,,22,4,15,1,39,49,36.944301,-3.497920,,
6754730,,,,,,,,,,22,4,15,1,45,4,36.944252,-3.497805,,
6764841,,,,,,,,,,22,4,15,1,50,20,36.944408,-3.497928,,
6774989,,,,,,,,,,22,4,15,1,55,37,36.944255,-3.497771,,
6792321,,,,,,,,,,22,4,15,2,1,1,36.944236,-3.497634,,
6809977,,,,,,,,,,22,4,15,2,6,25,36.943931,-3.497669,,
6821116,,,,,,,,,,22,4,15,2,11,42,36.943992,-3.497548,,
6833326,,,,,,,,,,22,4,15,2,17,0,36.944236,-3.497852,,
6851494,,,,,,,,,,22,4,15,2,22,25,36.943962,-3.497585,,
6868056,,,,,,,,,,22,4,15,2,27,48,36.944023,-3.497529,,
6882160,,,,,,,,,,22,4,15,2,33,8,36.943763,-3.497862,,
6916486,,,,,,,,,,22,4,15,2,38,49,36.943901,-3.497614,,
6935827,,,,,,,,,,22,4,15,2,44,14,36.943817,-3.497572,,
6949553,,,,,,,,,,22,4,15,2,49,34,36.943832,-3.497535,,
6990562,,,,,,,,,,22,4,15,2,55,21,36.943794,-3.497576,,
7000581,,,,,,,,,,22,4,15,3,0,36,36.943744,-3.497630,,
7014205,,,,,,,,,,22,4,15,3,5,57,36.943767,-3.497614,,
7021234,,,,,,,,,,22,4,15,3,11,9,36.943748,-3.497675,,
7028263,,,,,,,,,,22,4,15,3,16,23,36.943679,-3.497659,,
7035344,,,,,,,,,,22,4,15,3,21,36,36.943782,-3.497569,,
7046389,,,,,,,,,,22,4,15,3,26,53,36.943748,-3.497641,,
7056443,,,,,,,,,,22,4,15,3,32,10,36.943702,-3.497664,,
7074679,,,,,,,,,,22,4,15,3,37,35,36.943836,-3.497382,,
7086719,,,,,,,,,,22,4,15,3,42,53,36.943668,-3.497588,,
7107831,,,,,,,,,,22,4,15,3,48,21,36.943790,-3.497536,,
7118862,,,,,,,,,,22,4,15,3,53,37,36.943809,-3.497576,,
7132807,,,,,,,,,,22,4,15,3,58,58,36.943763,-3.497549,,
7198921,,,,,,,,,,22,4,15,4,5,10,36.943775,-3.497567,,
7225557,,,,,,,,,,22,4,15,4,10,43,36.943775,-3.497526,,
7236573,,,,,,,,,,22,4,15,4,16,0,36.943733,-3.497564,,
7249652,,,,,,,,,,22,4,15,4,21,19,36.943756,-3.497388,,
7261696,,,,,,,,,,22,4,15,4,26,38,36.943840,-3.497457,,
7276035,,,,,,,,,,22,4,15,4,31,59,36.943706,-3.497440,,
7292728,,,,,,,,,,22,4,15,4,37,22,36.943809,-3.497688,,
7304881,,,,,,,,,,22,4,15,4,42,40,36.943847,-3.497739,,
7329541,,,,,,,,,,22,4,15,4,48,11,36.943664,-3.497484,,
7342663,,,,,,,,,,22,4,15,4,53,30,36.943820,-3.497395,,
7368040,,,,,,,,,,22,4,15,4,59,2,36.943775,-3.497476,,
7377778,,,,,,,,,,22,4,15,5,4,18,36.943733,-3.497585,,
7390830,,,,,,,,,,22,4,15,5,9,36,36.943428,-3.497489,,
7399983,,,,,,,,,,22,4,15,5,14,52,36.943805,-3.497440,,
7412079,,,,,,,,,,22,4,15,5,20,10,36.943672,-3.497472,,
7421274,,,,,,,,,,22,4,15,5,25,25,36.943836,-3.497443,,
7429415,,,,,,,,,,22,4,15,5,30,40,36.943805,-3.497536,,
7450792,,,,,,,,,,22,4,15,5,36,8,36.943832,-3.497550,,
7459892,,,,,,,,,,22,4,15,5,41,23,36.943946,-3.497467,,
7468999,,,,,,,,,,22,4,15,5,46,38,36.943935,-3.497333,,
7481865,,,,,,,,,,22,4,15,5,51,58,36.943897,-3.497482,,
7493952,,,,,,,,,,22,4,15,5,57,15,36.943794,-3.497579,,
7507045,,,,,,,,,,22,4,15,6,2,35,36.943908,-3.497410,,
7525288,,,,,,,,,,22,4,15,6,8,0,36.943912,-3.497507,,
7534377,,,,,,,,,,22,4,15,6,13,15,36.943889,-3.497352,,
7549563,,,,,,,,,,22,4,15,6,18,37,36.943843,-3.497470,,
7561702,,,,,,,,,,22,4,15,6,23,55,36.943901,-3.497412,,
7570852,,,,,,,,,,22,4,15,6,29,10,36.943901,-3.497482,,
7602572,,,,,,,,,,22,4,15,6,34,49,36.943973,-3.497261,,
7611722,,,,,,,,,,22,4,15,6,40,4,36.944095,-3.497265,,
7625822,,,,,,,,,,22,4,15,6,45,24,36.944065,-3.497319,,
7645862,,,,,,,,,,22,4,15,6,50,51,36.943927,-3.497553,,
7655938,,,,,,,,,,22,4,15,6,56,6,36.944221,-3.497379,,
7665103,,,,,,,,,,22,4,15,7,1,21,36.944126,-3.497330,,
7678174,,,,,,,,,,22,4,15,7,6,41,36.943740,-3.497311,,
7689285,,,,,,,,,,22,4,15,7,11,58,36.943466,-3.497071,,
7700373,,,,,,,,,,22,4,15,7,17,15,36.944019,-3.497335,,
7710533,,,,,,,,,,22,4,15,7,22,32,36.944004,-3.497414,,
7719646,,,,,,,,,,22,4,15,7,27,47,36.943992,-3.497387,,
7730781,,,,,,,,,,22,4,15,7,33,4,36.943977,-3.497410,,
7741908,,,,,,,,,,22,4,15,7,38,21,36.943988,-3.497545,,
7754077,,,,,,,,,,22,4,15,7,43,40,36.943840,-3.497407,,
7763195,,,,,,,,,,22,4,15,7,48,55,36.943866,-3.497541,,
7773347,,,,,,,,,,22,4,15,7,54,11,36.943840,-3.497480,,
7785486,,,,,,,,,,22,4,15,7,59,29,36.943870,-3.497524,,
7798685,,,,,,,,,,22,4,15,8,4,48,36.943969,-3.497281,,
7824146,,,,,,,,,,22,4,15,8,10,20,36.944057,-3.497530,,
7845381,,,,,,,,,,22,4,15,8,15,47,36.944099,-3.497275,,
7870565,,,,,,,,,,22,4,15,8,21,18,36.944118,-3.497260,,
7894615,,,,,,,,,,22,4,15,8,26,48,36.943965,-3.497241,,
7912492,,,,,,,,,,22,4,15,8,32,11,36.944076,-3.497125,,
7925394,,,,,,,,,,22,4,15,8,37,29,36.944110,-3.497054,,
7939515,,,,,,,,,,22,4,15,8,42,48,36.944099,-3.497066,,
7959745,,,,,,,,,,22,4,15,8,48,14,36.944080,-3.497119,,
7972912,,,,,,,,,,22,4,15,8,53,33,36.944126,-3.497060,,
7989231,,,,,,,,,,22,4,15,8,58,55,36.944114,-3.497015,,
8027598,,,,,,,,,,22,4,15,9,4,39,36.943962,-3.497541,,
8065812,,,,,,,,,,22,4,15,9,10,22,36.943977,-3.497559,,
8081912,,,,,,,,,,22,4,15,9,15,43,36.943916,-3.497321,,
8107162,,,,,,,,,,22,4,15,9,21,14,36.944019,-3.497453,,
8133307,,,,,,,,,,22,4,15,9,26,46,36.943901,-3.497477,,
8147409,,,,,,,,,,22,4,15,9,32,5,36.943992,-3.497463,,
8189415,,,,,,,,,,22,4,15,9,37,53,36.943870,-3.497429,,
8203004,,,,,,,,,,22,4,15,9,43,12,36.943847,-3.497485,,
8212019,,,,,,,,,,22,4,15,9,48,26,36.943885,-3.497410,,
8225841,,,,,,,,,,22,4,15,9,53,46,36.943866,-3.497417,,
8234876,,,,,,,,,,22,4,15,9,59,0,36.943782,-3.497451,,
8243928,,,,,,,,,,22,4,15,10,4,15,36.943820,-3.497550,,
8254019,,,,,,,,,,22,4,15,10,9,30,36.943901,-3.497389,,
8263078,,,,,,,,,,22,4,15,10,14,45,36.943851,-3.497413,,
8272135,,,,,,,,,,22,4,15,10,20,0,36.943794,-3.497347,,
8281201,,,,,,,,,,22,4,15,10,25,15,36.943824,-3.497494,,
8289272,,,,,,,,,,22,4,15,10,30,29,36.943992,-3.497608,,
8301335,,,,,,,,,,22,4,15,10,35,47,36.943870,-3.497483,,
8318096,,,,,,,,,,22,4,15,10,41,10,36.943859,-3.497487,,
8328181,,,,,,,,,,22,4,15,10,46,25,36.944049,-3.497581,,
8337253,,,,,,,,,,22,4,15,10,51,39,36.944114,-3.497561,,
8346323,,,,,,,,,,22,4,15,10,56,54,36.944049,-3.497742,,
8356385,,,,,,,,,,22,4,15,11,2,10,36.944099,-3.497733,,
8365458,,,,,,,,,,22,4,15,11,7,24,36.943969,-3.497638,,
8376529,,,,,,,,,,22,4,15,11,12,41,36.944164,-3.497670,,
8386586,,,,,,,,,,22,4,15,11,17,57,36.944118,-3.497740,,
8399268,,,,,,,,,,22,4,15,11,23,16,36.944110,-3.497664,,
8420192,,,,,,,,,,22,4,15,11,28,42,36.944007,-3.497579,,
8429351,,,,,,,,,,22,4,15,11,33,56,36.944099,-3.497648,,
8440432,,,,,,,,,,22,4,15,11,39,12,36.944122,-3.497642,,
8477382,,,,,,,,,,22,4,15,11,44,55,36.943580,-3.497524,,
8491430,,,,,,,,,,22,4,15,11,50,13,36.944107,-3.497612,,
8505133,,,,,,,,,,22,4,15,11,55,33,36.943950,-3.497609,,
8530368,,,,,,,,,,22,4,15,12,1,3,36.943908,-3.497575,,
8545083,,,,,,,,,,22,4,15,12,6,23,36.943931,-3.497592,,
8552571,,,,,,,,,,22,4,15,12,11,35,36.943950,-3.497559,,
8568852,,,,,,,,,,22,4,15,12,16,56,36.943923,-3.497540,,
8578924,,,,,,,,,,22,4,15,12,22,11,36.943958,-3.497569,,
8591992,,,,,,,,,,22,4,15,12,27,29,36.943916,-3.497533,,
8610246,,,,,,,,,,22,4,15,12,32,53,36.943958,-3.497566,,
8625303,,,,,,,,,,22,4,15,12,38,13,36.943859,-3.497544,,
8637398,,,,,,,,,,22,4,15,12,43,30,36.944141,-3.497466,,
8650468,,,,,,,,,,22,4,15,12,48,49,36.943939,-3.497555,,
8661537,,,,,,,,,,22,4,15,12,54,5,36.943859,-3.497504,,
8683502,,,,,,,,,,22,4,15,12,59,33,36.944007,-3.497599,,
8704748,,,,,,,,,,22,4,15,13,4,59,36.943851,-3.497540,,
8722263,,,,,,,,,,22,4,15,13,10,22,36.943737,-3.497658,,
8739042,,,,,,,,,,22,4,15,13,15,44,36.943817,-3.497479,,
8759088,,,,,,,,,,22,4,15,13,21,9,36.943778,-3.497470,,
8778286,,,,,,,,,,22,4,15,13,26,33,36.943733,-3.497192,,
8802469,,,,,,,,,,22,4,15,13,32,3,36.943843,-3.497407,,
8824569,,,,,,,,,,22,4,15,13,37,31,36.943336,-3.497037,,
8843694,,,,,,,,,,22,4,15,13,42,55,36.943798,-3.497658,,
8856711,,,,,,,,,,22,4,15,13,48,13,36.944049,-3.497941,,
8891969,,,,,,,,,,22,4,15,13,53,55,36.943832,-3.497592,,
8907028,,,,,,,,,,22,4,15,13,59,15,36.943862,-3.497678,,
8921260,,,,,,,,,,22,4,15,14,4,35,36.943889,-3.497778,,
8936671,,,,,,,,,,22,4,15,14,9,56,36.943897,-3.497777,,
8952256,,,,,,,,,,22,4,15,14,15,17,36.943836,-3.497629,,
8965998,,,,,,,,,,22,4,15,14,20,36,36.943889,-3.497641,,
8987869,,,,,,,,,,22,4,15,14,26,3,36.943859,-3.497678,,
8999915,,,,,,,,,,22,4,15,14,31,20,36.944259,-3.497191,,
9012003,,,,,,,,,,22,4,15,14,36,37,36.943897,-3.497510,,
9021051,,,,,,,,,,22,4,15,14,41,52,36.946205,-3.497199,,
9030128,,,,,,,,,,22,4,15,14,47,7,36.948482,-3.499393,,
9047759,,,,,,,,,,22,4,15,14,52,31,36.949295,-3.500974,,
9055793,,,,,,,,,,22,4,15,14,57,44,36.949340,-3.501795,,
9069460,,,,,,,,,,22,4,15,15,3,4,36.949935,-3.502117,,
9081048,,,,,,,,,,22,4,15,15,8,21,36.951156,-3.501285,,
9090116,,,,,,,,,,22,4,15,15,13,35,36.951759,-3.500505,,
9098183,,,,,,,,,,22,4,15,15,18,49,36.952259,-3.501750,,
9111501,,,,,,,,,,22,4,15,15,24,9,36.952880,-3.502171,,
9119605,,,,,,,,,,22,4,15,15,29,22,36.952617,-3.502466,,
9127686,,,,,,,,,,22,4,15,15,34,36,36.952136,-3.502781,,
9135767,,,,,,,,,,22,4,15,15,39,51,36.951801,-3.502952,,
9146888,,,,,,,,,,22,4,15,15,45,8,36.951416,-3.504039,,
9156014,,,,,,,,,,22,4,15,15,50,23,36.951511,-3.504977,,
9167135,,,,,,,,,,22,4,15,15,55,40,36.951313,-3.505754,,
9175239,,,,,,,,,,22,4,15,16,0,54,36.951408,-3.507088,,
9186329,,,,,,,,,,22,4,15,16,6,12,36.951313,-3.506819,,
9194445,,,,,,,,,,22,4,15,16,11,26,36.951282,-3.506135,,
9208032,,,,,,,,,,22,4,15,16,16,46,36.951072,-3.505568,,
9219387,,,,,,,,,,22,4,15,16,22,3,36.950675,-3.505172,,
9235535,,,,,,,,,,22,4,15,16,27,25,36.950660,-3.504868,,
9246361,,,,,,,,,,22,4,15,16,32,42,36.950485,-3.504394,,
9255978,,,,,,,,,,22,4,15,16,37,57,36.950550,-3.503117,,
9265114,,,,,,,,,,22,4,15,16,43,11,36.950988,-3.501920,,
9279274,,,,,,,,,,22,4,15,16,48,31,36.951698,-3.501382,,
9288388,,,,,,,,,,22,4,15,16,53,47,36.952342,-3.501003,,
9300553,,,,,,,,,,22,4,15,16,59,5,36.952556,-3.500622,,
9316097,,,,,,,,,,22,4,15,17,4,27,36.952720,-3.500907,,
9363963,,,,,,,,,,22,4,15,17,10,21,36.952178,-3.500434,,
9376908,,,,,,,,,,22,4,15,17,15,40,36.951961,-3.500178,,
9390576,,,,,,,,,,22,4,15,17,20,59,36.951793,-3.500275,,
9406876,,,,,,,,,,22,4,15,17,26,21,36.952098,-3.499582,,
9419766,,,,,,,,,,22,4,15,17,31,40,36.951210,-3.500032,,
9433310,,,,,,,,,,22,4,15,17,36,59,36.950664,-3.500786,,
9446360,,,,,,,,,,22,4,15,17,42,17,36.950836,-3.501332,,
9462197,,,,,,,,,,22,4,15,17,47,40,36.951740,-3.501191,,
9472285,,,,,,,,,,22,4,15,17,52,55,36.951641,-3.501746,,
9486482,,,,,,,,,,22,4,15,17,58,16,36.950664,-3.501553,,
9498586,,,,,,,,,,22,4,15,18,3,34,36.949821,-3.502840,,
9515076,,,,,,,,,,22,4,15,18,8,57,36.950500,-3.502115,,
9526226,,,,,,,,,,22,4,15,18,14,14,36.950325,-3.502579,,
9544009,,,,,,,,,,22,4,15,18,19,38,36.950370,-3.503878,,
9556108,,,,,,,,,,22,4,15,18,24,55,36.949394,-3.504288,,
9574171,,,,,,,,,,22,4,15,18,30,20,36.949939,-3.503882,,
9591806,,,,,,,,,,22,4,15,18,35,43,36.949855,-3.503739,,
9606070,,,,,,,,,,22,4,15,18,41,3,36.949516,-3.503240,,
9624920,,,,,,,,,,22,4,15,18,46,28,36.949821,-3.502502,,
9645316,,,,,,,,,,22,4,15,18,51,54,36.949649,-3.502764,,
9659418,,,,,,,,,,22,4,15,18,57,14,36.947650,-3.502002,,
9675034,,,,,,,,,,22,4,15,19,2,36,36.947853,-3.500697,,
9689143,,,,,,,,,,22,4,15,19,7,55,36.947540,-3.500384,,
9701886,,,,,,,,,,22,4,15,19,13,15,36.948341,-3.499965,,
9717207,,,,,,,,,,22,4,15,19,18,36,36.948902,-3.499783,,
9738062,,,,,,,,,,22,4,15,19,24,3,36.949222,-3.499463,,
9750356,,,,,,,,,,22,4,15,19,29,21,36.949001,-3.498912,,
9767252,,,,,,,,,,22,4,15,19,34,44,36.947395,-3.498521,,
9780625,,,,,,,,,,22,4,15,19,40,3,36.946861,-3.497743,,
9827297,,,,,,,,,,22,4,15,19,45,56,36.945957,-3.497012,,
9840891,,,,,,,,,,22,4,15,19,51,16,36.944068,-3.497555,,
9858964,,,,,,,,,,22,4,15,19,56,40,36.943965,-3.497419,,
9869077,,,,,,,,,,22,4,15,20,1,55,36.943988,-3.497488,,
9878215,,,,,,,,,,22,4,15,20,7,10,36.944057,-3.497538,,
9899143,,,,,,,,,,22,4,15,20,12,38,36.944065,-3.497541,,
9912568,,,,,,,,,,22,4,15,20,17,57,36.943923,-3.497480,,
9923727,,,,,,,,,,22,4,15,20,23,14,36.944046,-3.497695,,
9940426,,,,,,,,,,22,4,15,20,28,37,36.944042,-3.497582,,
9956675,,,,,,,,,,22,4,15,20,33,59,36.943920,-3.497679,,
9973550,,,,,,,,,,22,4,15,20,39,22,36.944103,-3.497550,,
10005923,,,,,,,,,,22,4,15,20,45,0,36.944309,-3.497476,,
10029473,,,,,,,,,,22,4,15,20,50,30,36.944152,-3.497526,,
10049474,,,,,,,,,,22,4,15,20,55,56,36.943988,-3.497670,,
10068897,,,,,,,,,,22,4,15,21,1,21,36.944301,-3.497374,,
10102658,,,,,,,,,,22,4,15,21,7,1,36.944133,-3.497498,,
10111696,,,,,,,,,,22,4,15,21,12,16,36.943977,-3.497574,,
10119746,,,,,,,,,,22,4,15,21,17,30,36.944004,-3.497582,,
10128774,,,,,,,,,,22,4,15,21,22,45,36.944004,-3.497626,,
10135817,,,,,,,,,,22,4,15,21,27,59,36.943817,-3.497678,,
10145842,,,,,,,,,,22,4,15,21,33,15,36.943828,-3.497768,,
10154861,,,,,,,,,,22,4,15,21,38,30,36.943809,-3.497600,,
10163888,,,,,,,,,,22,4,15,21,43,46,36.943840,-3.497741,,
10170946,,,,,,,,,,22,4,15,21,48,59,36.943840,-3.497671,,
10177985,,,,,,,,,,22,4,15,21,54,12,36.943881,-3.497722,,
10192974,,,,,,,,,,22,4,15,21,59,34,36.943874,-3.497624,,
10202040,,,,,,,,,,22,4,15,22,4,48,36.943901,-3.497606,,
10211172,,,,,,,,,,22,4,15,22,10,3,36.944042,-3.497569,,
10221257,,,,,,,,,,22,4,15,22,15,19,36.944087,-3.497589,,
10230335,,,,,,,,,,22,4,15,22,20,35,36.943904,-3.497617,,
10240409,,,,,,,,,,22,4,15,22,25,51,36.944034,-3.497655,,
10256432,,,,,,,,,,22,4,15,22,31,13,36.944015,-3.497714,,
10265499,,,,,,,,,,22,4,15,22,36,28,36.943962,-3.497636,,
10285182,,,,,,,,,,22,4,15,22,41,54,36.944023,-3.497632,,
10295246,,,,,,,,,,22,4,15,22,47,9,36.944023,-3.497655,,
10305332,,,,,,,,,,22,4,15,22,52,26,36.943771,-3.497515,,
10316443,,,,,,,,,,22,4,15,22,57,43,36.943828,-3.497539,,
10326587,,,,,,,,,,22,4,15,23,2,59,36.943847,-3.497529,,
10336735,,,,,,,,,,22,4,15,23,8,15,36.943744,-3.497454,,
10346840,,,,,,,,,,22,4,15,23,13,31,36.943702,-3.497387,,
10358002,,,,,,,,,,22,4,15,23,18,49,36.943767,-3.497457,,
10368158,,,,,,,,,,22,4,15,23,24,5,36.943923,-3.497482,,
10378300,,,,,,,,,,22,4,15,23,29,21,36.943950,-3.497462,,
10387487,,,,,,,,,,22,4,15,23,34,36,36.943920,-3.497532,,
10402466,,,,,,,,,,22,4,15,23,39,58,36.943870,-3.497437,,
10411622,,,,,,,,,,22,4,15,23,45,12,36.943943,-3.497475,,
10420721,,,,,,,,,,22,4,15,23,50,27,36.943977,-3.497584,,
10434930,,,,,,,,,,22,4,15,23,55,48,36.944042,-3.497615,,
10449079,,,,,,,,,,22,4,16,0,1,8,36.943885,-3.497554,,
10458211,,,,,,,,,,22,4,16,0,6,23,36.943809,-3.497605,,
10468353,,,,,,,,,,22,4,16,0,11,39,36.943950,-3.497538,,
10477515,,,,,,,,,,22,4,16,0,16,55,36.943977,-3.497340,,
10492359,,,,,,,,,,22,4,16,0,22,16,36.943962,-3.497499,,
10508460,,,,,,,,,,22,4,16,0,27,37,36.943859,-3.498063,,
10526462,,,,,,,,,,22,4,16,0,33,2,36.943878,-3.497447,,
10538605,,,,,,,,,,22,4,16,0,38,19,36.944107,-3.497723,,
10550783,,,,,,,,,,22,4,16,0,43,37,36.944099,-3.497104,,
10562935,,,,,,,,,,22,4,16,0,48,56,36.944171,-3.496771,,
10574070,,,,,,,,,,22,4,16,0,54,13,36.944206,-3.496741,,
10591335,,,,,,,,,,22,4,16,0,59,37,36.944030,-3.497454,,
10608057,,,,,,,,,,22,4,16,1,5,0,36.944015,-3.497349,,
10618248,,,,,,,,,,22,4,16,1,10,15,36.944129,-3.497451,,
10627417,,,,,,,,,,22,4,16,1,15,31,36.944087,-3.497515,,
10636620,,,,,,,,,,22,4,16,1,20,46,36.944076,-3.497458,,
10645820,,,,,,,,,,22,4,16,1,26,1,36.944057,-3.497489,,
10655009,,,,,,,,,,22,4,16,1,31,16,36.944091,-3.497447,,
10664188,,,,,,,,,,22,4,16,1,36,31,36.944087,-3.497364,,
10673350,,,,,,,,,,22,4,16,1,41,47,36.944160,-3.497413,,
10693055,,,,,,,,,,22,4,16,1,47,13,36.944152,-3.497415,,
10702208,,,,,,,,,,22,4,16,1,52,27,36.944137,-3.497367,,
10711387,,,,,,,,,,22,4,16,1,57,43,36.944183,-3.497344,,
10720576,,,,,,,,,,22,4,16,2,2,58,36.944194,-3.497321,,
10729716,,,,,,,,,,22,4,16,2,8,13,36.944145,-3.497466,,
10741902,,,,,,,,,,22,4,16,2,13,32,36.944190,-3.497349,,
10755677,,,,,,,,,,22,4,16,2,18,52,36.944057,-3.497533,,
10768047,,,,,,,,,,22,4,16,2,24,10,36.943939,-3.497564,,
10779217,,,,,,,,,,22,4,16,2,29,27,36.944118,-3.497363,,
10794863,,,,,,,,,,22,4,16,2,34,49,36.944076,-3.497522,,
10811053,,,,,,,,,,22,4,16,2,40,11,36.943988,-3.497492,,
10826814,,,,,,,,,,22,4,16,2,45,33,36.943290,-3.496201,,
10836999,,,,,,,,,,22,4,16,2,50,48,36.943927,-3.497454,,
10846159,,,,,,,,,,22,4,16,2,56,4,36.943847,-3.497502,,
10855330,,,,,,,,,,22,4,16,3,1,19,36.943847,-3.497499,,
10865472,,,,,,,,,,22,4,16,3,6,35,36.943737,-3.497651,,
10885364,,,,,,,,,,22,4,16,3,12,2,36.943813,-3.497265,,
10896505,,,,,,,,,,22,4,16,3,17,18,36.943859,-3.497339,,
10905633,,,,,,,,,,22,4,16,3,22,34,36.943778,-3.497287,,
10914810,,,,,,,,,,22,4,16,3,27,49,36.943870,-3.497237,,
10924001,,,,,,,,,,22,4,16,3,33,4,36.943763,-3.497239,,
10941091,,,,,,,,,,22,4,16,3,38,28,36.943859,-3.497344,,
10950245,,,,,,,,,,22,4,16,3,43,43,36.943675,-3.497303,,
10963466,,,,,,,,,,22,4,16,3,49,3,36.943847,-3.497237,,
10972647,,,,,,,,,,22,4,16,3,54,18,36.943702,-3.497232,,
10987009,,,,,,,,,,22,4,16,3,59,39,36.943626,-3.497095,,
10998168,,,,,,,,,,22,4,16,4,4,56,36.943580,-3.497044,,
11017654,,,,,,,,,,22,4,16,4,10,22,36.943664,-3.497043,,
11035623,,,,,,,,,,22,4,16,4,15,46,36.943550,-3.496972,,
11044782,,,,,,,,,,22,4,16,4,21,0,36.943687,-3.497034,,
11057951,,,,,,,,,,22,4,16,4,26,19,36.943511,-3.496886,,
11067184,,,,,,,,,,22,4,16,4,31,35,36.943645,-3.497041,,
11076380,,,,,,,,,,22,4,16,4,36,50,36.943653,-3.496963,,
11097513,,,,,,,,,,22,4,16,4,42,18,36.943874,-3.497171,,
11122063,,,,,,,,,,22,4,16,4,47,48,36.943817,-3.497061,,
11159726,,,,,,,,,,22,4,16,4,53,32,36.943820,-3.497323,,
11177577,,,,,,,,,,22,4,16,4,58,56,36.943767,-3.497443,,
11192901,,,,,,,,,,22,4,16,5,4,17,36.943798,-3.497455,,
11206946,,,,,,,,,,22,4,16,5,9,37,36.943954,-3.497658,,
11224381,,,,,,,,,,22,4,16,5,15,1,36.943763,-3.497528,,
11237527,,,,,,,,,,22,4,16,5,20,20,36.943801,-3.497561,,
11246712,,,,,,,,,,22,4,16,5,25,35,36.943881,-3.497505,,
11254869,,,,,,,,,,22,4,16,5,30,49,36.943855,-3.497504,,
11263983,,,,,,,,,,22,4,16,5,36,5,36.943843,-3.497552,,
11274210,,,,,,,,,,22,4,16,5,41,21,36.943756,-3.497354,,
11283338,,,,,,,,,,22,4,16,5,46,36,36.943870,-3.497560,,
11291432,,,,,,,,,,22,4,16,5,51,51,36.943737,-3.497401,,
11301510,,,,,,,,,,22,4,16,5,57,7,36.943820,-3.497498,,
11315936,,,,,,,,,,22,4,16,6,2,28,36.943683,-3.497431,,
11325054,,,,,,,,,,22,4,16,6,7,43,36.943717,-3.497506,,
11333215,,,,,,,,,,22,4,16,6,12,57,36.943691,-3.497412,,
11341384,,,,,,,,,,22,4,16,6,18,11,36.943702,-3.497442,,
11361750,,,,,,,,,,22,4,16,6,23,38,36.943698,-3.497403,,
11375626,,,,,,,,,,22,4,16,6,28,58,36.943569,-3.497593,,
11383808,,,,,,,,,,22,4,16,6,34,11,36.943702,-3.497408,,
11394873,,,,,,,,,,22,4,16,6,39,28,36.943401,-3.497810,,
11403937,,,,,,,,,,22,4,16,6,44,43,36.943916,-3.497569,,
11414083,,,,,,,,,,22,4,16,6,50,0,36.943695,-3.497649,,
11423186,,,,,,,,,,22,4,16,6,55,15,36.943485,-3.497741,,
11432277,,,,,,,,,,22,4,16,7,0,30,36.943763,-3.497611,,
11441409,,,,,,,,,,22,4,16,7,5,45,36.943702,-3.497604,,
11450572,,,,,,,,,,22,4,16,7,11,0,36.943737,-3.497550,,
11463669,,,,,,,,,,22,4,16,7,16,19,36.943645,-3.497697,,
11477765,,,,,,,,,,22,4,16,7,21,40,36.943607,-3.497240,,
11487903,,,,,,,,,,22,4,16,7,26,56,36.943683,-3.497578,,
11498051,,,,,,,,,,22,4,16,7,32,12,36.943717,-3.497523,,
11509188,,,,,,,,,,22,4,16,7,37,29,36.943542,-3.497725,,
11527800,,,,,,,,,,22,4,16,7,42,54,36.943687,-3.497389,,
11547281,,,,,,,,,,22,4,16,7,48,19,36.943710,-3.497243,,
11556726,,,,,,,,,,22,4,16,7,53,34,36.943729,-3.497349,,
11569333,,,,,,,,,,22,4,16,7,58,52,36.943702,-3.497545,,
11579536,,,,,,,,,,22,4,16,8,4,7,36.943763,-3.497506,,
11597634,,,,,,,,,,22,4,16,8,9,31,36.943908,-3.497334,,
11617958,,,,,,,,,,22,4,16,8,14,57,36.943977,-3.497313,,
11628095,,,,,,,,,,22,4,16,8,20,12,36.943981,-3.497321,,
11636304,,,,,,,,,,22,4,16,8,25,26,36.943946,-3.497272,,
11649829,,,,,,,,,,22,4,16,8,30,45,36.943996,-3.497336,,
11664786,,,,,,,,,,22,4,16,8,36,5,36.943927,-3.497353,,
11673928,,,,,,,,,,22,4,16,8,41,18,36.943962,-3.497327,,
11683121,,,,,,,,,,22,4,16,8,46,33,36.943939,-3.497259,,
11699763,,,,,,,,,,22,4,16,8,51,55,36.943996,-3.497269,,
11716855,,,,,,,,,,22,4,16,8,57,17,36.943870,-3.497269,,
11740276,,,,,,,,,,22,4,16,9,2,46,36.943992,-3.497153,,
11752908,,,,,,,,,,22,4,16,9,8,4,36.943996,-3.497367,,
11774713,,,,,,,,,,22,4,16,9,13,31,36.943973,-3.497388,,
11784726,,,,,,,,,,22,4,16,9,18,45,36.943939,-3.497787,,
11793774,,,,,,,,,,22,4,16,9,24,0,36.943943,-3.497656,,
11802824,,,,,,,,,,22,4,16,9,29,14,36.943813,-3.497765,,
11815374,,,,,,,,,,22,4,16,9,34,33,36.943840,-3.497653,,
11824409,,,,,,,,,,22,4,16,9,39,47,36.943927,-3.497414,,
11837443,,,,,,,,,,22,4,16,9,45,5,36.943992,-3.497419,,
11870069,,,,,,,,,,22,4,16,9,50,44,36.944068,-3.497637,,
11923391,,,,,,,,,,22,4,16,9,56,43,36.943984,-3.497512,,
11936424,,,,,,,,,,22,4,16,10,2,1,36.943981,-3.497493,,
11952636,,,,,,,,,,22,4,16,10,7,23,36.944068,-3.497602,,
11973649,,,,,,,,,,22,4,16,10,12,49,36.943984,-3.497541,,
11989924,,,,,,,,,,22,4,16,10,18,11,36.944145,-3.497457,,
12006282,,,,,,,,,,22,4,16,10,23,33,36.944091,-3.497755,,
12018627,,,,,,,,,,22,4,16,10,28,51,36.944114,-3.497673,,
12027704,,,,,,,,,,22,4,16,10,34,5,36.944084,-3.497615,,
12044543,,,,,,,,,,22,4,16,10,39,28,36.944160,-3.497761,,
12057583,,,,,,,,,,22,4,16,10,44,46,36.944156,-3.497762,,
12066703,,,,,,,,,,22,4,16,10,50,0,36.944038,-3.497653,,
12076779,,,,,,,,,,22,4,16,10,55,16,36.944049,-3.497725,,
12088295,,,,,,,,,,22,4,16,11,0,33,36.944175,-3.497759,,
12097361,,,,,,,,,,22,4,16,11,5,46,36.944168,-3.497770,,
12107421,,,,,,,,,,22,4,16,11,11,2,36.943927,-3.497756,,
12117474,,,,,,,,,,22,4,16,11,16,17,36.945701,-3.496638,,
12134503,,,,,,,,,,22,4,16,11,21,40,36.945701,-3.495639,,
12144569,,,,,,,,,,22,4,16,11,26,55,36.946014,-3.494656,,
12154639,,,,,,,,,,22,4,16,11,32,11,36.946613,-3.494527,,
12172540,,,,,,,,,,22,4,16,11,37,35,36.947147,-3.493993,,
12190701,,,,,,,,,,22,4,16,11,42,58,36.947761,-3.493978,,
12202886,,,,,,,,,,22,4,16,11,48,15,36.948738,-3.494558,,
12212036,,,,,,,,,,22,4,16,11,53,30,36.949703,-3.493756,,
12221162,,,,,,,,,,22,4,16,11,58,45,36.950523,-3.492846,,
12232264,,,,,,,,,,22,4,16,12,4,2,36.951225,-3.492928,,
12247593,,,,,,,,,,22,4,16,12,9,23,36.951488,-3.493222,,
12256735,,,,,,,,,,22,4,16,12,14,37,36.952629,-3.494403,,
12275638,,,,,,,,,,22,4,16,12,20,2,36.954124,-3.495223,,
12284768,,,,,,,,,,22,4,16,12,25,16,36.954887,-3.494978,,
12294919,,,,,,,,,,22,4,16,12,30,31,36.954986,-3.494894,,
12312423,,,,,,,,,,22,4,16,12,35,55,36.955219,-3.494661,,
12321529,,,,,,,,,,22,4,16,12,41,9,36.955158,-3.494918,,
12330678,,,,,,,,,,22,4,16,12,46,24,36.955146,-3.494993,,
12339837,,,,,,,,,,22,4,16,12,51,39,36.954994,-3.494827,,
12377899,,,,,,,,,,22,4,16,12,57,23,36.955959,-3.495226,,
12389728,,,,,,,,,,22,4,16,13,2,40,36.956474,-3.495170,,
12398819,,,,,,,,,,22,4,16,13,7,54,36.956493,-3.494970,,
12418205,,,,,,,,,,22,4,16,13,13,19,36.957180,-3.494714,,
12435724,,,,,,,,,,22,4,16,13,18,42,36.957080,-3.494794,,
12444831,,,,,,,,,,22,4,16,13,23,56,36.956756,-3.493484,,
12454985,,,,,,,,,,22,4,16,13,29,12,36.957218,-3.493715,,
12468070,,,,,,,,,,22,4,16,13,34,30,36.957954,-3.493486,,
12512493,,,,,,,,,,22,4,16,13,40,21,36.959556,-3.493453,,
12558592,,,,,,,,,,22,4,16,13,46,12,36.960182,-3.493226,,
12575443,,,,,,,,,,22,4,16,13,51,34,36.960174,-3.493500,,
12584528,,,,,,,,,,22,4,16,13,56,48,36.960304,-3.493541,,
12593597,,,,,,,,,,22,4,16,14,2,2,36.960460,-3.493549,,
12608279,,,,,,,,,,22,4,16,14,7,23,36.960670,-3.493465,,
12617329,,,,,,,,,,22,4,16,14,12,37,36.960990,-3.493488,,
12628396,,,,,,,,,,22,4,16,14,17,53,36.960983,-3.493373,,
12638485,,,,,,,,,,22,4,16,14,23,9,36.961090,-3.493584,,
12650106,,,,,,,,,,22,4,16,14,28,27,36.961723,-3.493980,,
12659222,,,,,,,,,,22,4,16,14,33,41,36.961345,-3.493575,,
12670291,,,,,,,,,,22,4,16,14,38,57,36.961051,-3.493380,,
12679404,,,,,,,,,,22,4,16,14,44,12,36.961174,-3.493884,,
12687514,,,,,,,,,,22,4,16,14,49,26,36.961277,-3.494023,,
12699615,,,,,,,,,,22,4,16,14,54,44,36.961719,-3.494271,,
12709726,,,,,,,,,,22,4,16,14,59,59,36.961799,-3.494057,,
12718815,,,,,,,,,,22,4,16,15,5,14,36.962009,-3.493974,,
12735748,,,,,,,,,,22,4,16,15,10,37,36.962612,-3.494429,,
12757830,,,,,,,,,,22,4,16,15,16,4,36.963569,-3.494438,,
12772162,,,,,,,,,,22,4,16,15,21,23,36.964450,-3.495955,,
12782842,,,,,,,,,,22,4,16,15,26,39,36.963825,-3.496175,,
12810811,,,,,,,,,,22,4,16,15,32,12,36.963588,-3.498539,,
12870561,,,,,,,,,,22,4,16,15,38,17,36.963489,-3.498744,,
12890916,,,,,,,,,,22,4,16,15,43,43,36.963855,-3.499341,,
12899964,,,,,,,,,,22,4,16,15,48,57,36.963962,-3.499775,,
12909062,,,,,,,,,,22,4,16,15,54,12,36.963928,-3.499195,,
12918161,,,,,,,,,,22,4,16,15,59,26,36.964275,-3.498930,,
12930859,,,,,,,,,,22,4,16,16,4,45,36.964141,-3.498517,,
12939958,,,,,,,,,,22,4,16,16,9,59,36.964519,-3.498983,,
12950999,,,,,,,,,,22,4,16,16,15,15,36.963996,-3.497349,,
12962064,,,,,,,,,,22,4,16,16,20,32,36.963291,-3.497312,,
12979175,,,,,,,,,,22,4,16,16,25,55,36.963279,-3.497051,,
13031156,,,,,,,,,,22,4,16,16,31,53,36.962577,-3.497358,,
13050706,,,,,,,,,,22,4,16,16,37,18,36.962322,-3.497874,,
13086194,,,,,,,,,,22,4,16,16,42,59,36.962181,-3.498253,,
13112421,,,,,,,,,,22,4,16,16,48,31,36.962181,-3.498292,,
13126653,,,,,,,,,,22,4,16,16,53,51,36.961711,-3.497844,,
13134757,,,,,,,,,,22,4,16,16,59,4,36.961898,-3.497614,,
13142861,,,,,,,,,,22,4,16,17,4,18,36.961811,-3.497372,,
13208925,,,,,,,,,,22,4,16,17,10,30,36.961849,-3.497206,,
13223013,,,,,,,,,,22,4,16,17,15,49,36.961631,-3.496966,,
13232120,,,,,,,,,,22,4,16,17,21,4,36.961654,-3.496148,,
13241256,,,,,,,,,,22,4,16,17,26,18,36.960922,-3.495933,,
13250382,,,,,,,,,,22,4,16,17,31,33,36.960502,-3.496283,,
13263475,,,,,,,,,,22,4,16,17,36,52,36.960212,-3.496020,,
13272605,,,,,,,,,,22,4,16,17,42,7,36.959602,-3.495590,,
13280693,,,,,,,,,,22,4,16,17,47,20,36.959690,-3.495350,,
13288762,,,,,,,,,,22,4,16,17,52,34,36.959568,-3.495317,,
13296866,,,,,,,,,,22,4,16,17,57,48,36.959762,-3.495333,,
13306936,,,,,,,,,,22,4,16,18,3,4,36.959510,-3.495268,,
13317020,,,,,,,,,,22,4,16,18,8,19,36.959453,-3.495233,,
13327108,,,,,,,,,,22,4,16,18,13,35,36.959827,-3.496892,,
13338188,,,,,,,,,,22,4,16,18,18,52,36.960071,-3.498560,,
13350212,,,,,,,,,,22,4,16,18,24,10,36.959609,-3.500602,,
13359278,,,,,,,,,,22,4,16,18,29,25,36.959156,-3.500322,,
13369315,,,,,,,,,,22,4,16,18,34,41,36.959426,-3.500953,,
13377419,,,,,,,,,,22,4,16,18,39,55,36.958972,-3.501073,,
13386529,,,,,,,,,,22,4,16,18,45,10,36.958122,-3.500209,,
13396648,,,,,,,,,,22,4,16,18,50,26,36.957923,-3.499525,,
13405766,,,,,,,,,,22,4,16,18,55,41,36.957359,-3.498779,,
13413917,,,,,,,,,,22,4,16,19,0,55,36.956729,-3.499081,,
13423006,,,,,,,,,,22,4,16,19,6,10,36.954910,-3.498801,,
13432144,,,,,,,,,,22,4,16,19,11,25,36.954631,-3.498384,,
13443277,,,,,,,,,,22,4,16,19,16,42,36.953540,-3.497079,,
13454367,,,,,,,,,,22,4,16,19,21,59,36.952514,-3.497627,,
13463512,,,,,,,,,,22,4,16,19,27,15,36.950401,-3.498201,,
13473605,,,,,,,,,,22,4,16,19,32,31,36.947944,-3.498507,,
13505162,,,,,,,,,,22,4,16,19,38,9,36.947792,-3.498294,,
13516236,,,,,,,,,,22,4,16,19,43,26,36.947090,-3.497340,,
13527349,,,,,,,,,,22,4,16,19,48,43,36.946849,-3.497607,,
13536451,,,,,,,,,,22,4,16,19,53,58,36.946514,-3.496617,,
13545564,,,,,,,,,,22,4,16,19,59,13,36.946083,-3.496039,,
13558745,,,,,,,,,,22,4,16,20,4,33,36.945144,-3.496595,,
13569854,,,,,,,,,,22,4,16,20,9,50,36.944396,-3.497354,,
13582501,,,,,,,,,,22,4,16,20,15,9,36.943901,-3.497691,,
13591652,,,,,,,,,,22,4,16,20,20,23,36.943981,-3.497532,,
13600844,,,,,,,,,,22,4,16,20,25,38,36.943988,-3.497525,,
13610971,,,,,,,,,,22,4,16,20,30,55,36.944061,-3.497527,,
13629983,,,,,,,,,,22,4,16,20,36,20,36.943992,-3.497688,,
13647670,,,,,,,,,,22,4,16,20,41,43,36.944316,-3.497588,,
13657132,,,,,,,,,,22,4,16,20,46,58,36.944118,-3.497416,,
13665529,,,,,,,,,,22,4,16,20,52,12,36.943996,-3.497518,,
13674874,,,,,,,,,,22,4,16,20,57,27,36.944053,-3.497517,,
13693042,,,,,,,,,,22,4,16,21,2,51,36.943798,-3.497528,,
13704900,,,,,,,,,,22,4,16,21,8,9,36.943878,-3.497683,,
13723573,,,,,,,,,,22,4,16,21,13,33,36.943901,-3.497578,,
13739868,,,,,,,,,,22,4,16,21,18,55,36.943935,-3.497691,,
13757852,,,,,,,,,,22,4,16,21,24,19,36.944049,-3.497554,,
13769530,,,,,,,,,,22,4,16,21,29,36,36.943935,-3.497669,,
13785031,,,,,,,,,,22,4,16,21,34,57,36.943927,-3.497578,,
13796088,,,,,,,,,,22,4,16,21,40,13,36.943984,-3.497590,,
13808130,,,,,,,,,,22,4,16,21,45,32,36.943958,-3.497459,,
13817198,,,,,,,,,,22,4,16,21,50,47,36.943977,-3.497639,,
13831261,,,,,,,,,,22,4,16,21,56,7,36.943923,-3.497618,,
13844739,,,,,,,,,,22,4,16,22,1,27,36.943927,-3.497632,,
13853869,,,,,,,,,,22,4,16,22,6,41,36.944007,-3.497634,,
13862987,,,,,,,,,,22,4,16,22,11,56,36.943988,-3.497714,,
13872097,,,,,,,,,,22,4,16,22,17,12,36.943931,-3.497559,,
13882193,,,,,,,,,,22,4,16,22,22,28,36.944053,-3.497726,,
13892295,,,,,,,,,,22,4,16,22,27,44,36.944252,-3.497786,,
13908765,,,,,,,,,,22,4,16,22,33,7,36.943874,-3.497628,,
13917835,,,,,,,,,,22,4,16,22,38,21,36.944042,-3.497731,,
13927993,,,,,,,,,,22,4,16,22,43,38,36.943962,-3.497683,,
13940529,,,,,,,,,,22,4,16,22,48,57,36.944007,-3.497660,,
13949678,,,,,,,,,,22,4,16,22,54,11,36.943992,-3.497599,,
13958836,,,,,,,,,,22,4,16,22,59,27,36.943977,-3.497545,,
13975503,,,,,,,,,,22,4,16,23,4,50,36.943897,-3.497695,,
13991760,,,,,,,,,,22,4,16,23,10,12,36.943870,-3.497427,,
14000899,,,,,,,,,,22,4,16,23,15,27,36.943935,-3.497665,,
14010074,,,,,,,,,,22,4,16,23,20,42,36.943969,-3.497466,,
14041435,,,,,,,,,,22,4,16,23,26,20,36.943939,-3.497053,,
14057177,,,,,,,,,,22,4,16,23,31,42,36.943901,-3.497474,,
14068646,,,,,,,,,,22,4,16,23,36,59,36.943870,-3.497423,,
14088811,,,,,,,,,,22,4,16,23,42,25,36.943977,-3.497353,,
14104439,,,,,,,,,,22,4,16,23,47,47,36.943874,-3.497704,,
14114599,,,,,,,,,,22,4,16,23,53,2,36.943870,-3.497505,,
14134620,,,,,,,,,,22,4,16,23,58,29,36.943836,-3.497609,,
14149267,,,,,,,,,,22,4,17,0,3,49,36.943859,-3.497451,,
14176524,,,,,,,,,,22,4,17,0,9,22,36.943977,-3.497519,,
14209113,,,,,,,,,,22,4,17,0,15,1,36.943920,-3.497393,,
14222163,,,,,,,,,,22,4,17,0,20,20,36.943885,-3.497686,,
14230220,,,,,,,,,,22,4,17,0,25,34,36.943950,-3.497559,,
14241285,,,,,,,,,,22,4,17,0,30,51,36.944038,-3.497656,,
14251355,,,,,,,,,,22,4,17,0,36,7,36.943855,-3.497477,,
14298166,,,,,,,,,,22,4,17,0,42,1,36.943931,-3.497563,,
14307179,,,,,,,,,,22,4,17,0,47,16,36.943908,-3.497559,,
14316221,,,,,,,,,,22,4,17,0,52,31,36.943958,-3.497555,,
14324253,,,,,,,,,,22,4,17,0,57,45,36.943916,-3.497428,,
14333330,,,,,,,,,,22,4,17,1,3,0,36.943908,-3.497543,,
14341408,,,,,,,,,,22,4,17,1,8,14,36.944000,-3.497533,,
14350472,,,,,,,,,,22,4,17,1,13,29,36.943992,-3.497557,,
14358537,,,,,,,,,,22,4,17,1,18,44,36.944015,-3.497565,,
14369582,,,,,,,,,,22,4,17,1,24,1,36.944023,-3.497591,,
14379631,,,,,,,,,,22,4,17,1,29,17,36.943954,-3.497543,,
14388693,,,,,,,,,,22,4,17,1,34,32,36.944034,-3.497628,,
14397757,,,,,,,,,,22,4,17,1,39,47,36.943988,-3.497634,,
14407805,,,,,,,,,,22,4,17,1,45,3,36.943977,-3.497524,,
14416869,,,,,,,,,,22,4,17,1,50,19,36.943931,-3.497486,,
14430519,,,,,,,,,,22,4,17,1,55,39,36.943840,-3.497657,,
14440587,,,,,,,,,,22,4,17,2,0,54,36.943962,-3.497628,,
14448685,,,,,,,,,,22,4,17,2,6,8,36.943939,-3.497582,,
14457770,,,,,,,,,,22,4,17,2,11,24,36.943973,-3.497536,,
14466863,,,,,,,,,,22,4,17,2,16,39,36.943962,-3.497542,,
14474944,,,,,,,,,,22,4,17,2,21,53,36.943984,-3.497613,,
14484019,,,,,,,,,,22,4,17,2,27,8,36.943981,-3.497541,,
14494110,,,,,,,,,,22,4,17,2,32,25,36.943809,-3.497597,,
14503225,,,,,,,,,,22,4,17,2,37,40,36.943809,-3.497626,,
14512316,,,,,,,,,,22,4,17,2,42,55,36.943805,-3.497594,,
14529538,,,,,,,,,,22,4,17,2,48,19,36.943931,-3.497508,,
14545295,,,,,,,,,,22,4,17,2,53,41,36.943855,-3.497543,,
14558357,,,,,,,,,,22,4,17,2,58,59,36.943992,-3.497431,,
14567421,,,,,,,,,,22,4,17,3,4,15,36.943511,-3.497889,,
14579187,,,,,,,,,,22,4,17,3,9,33,36.943729,-3.497179,,
14589282,,,,,,,,,,22,4,17,3,14,48,36.943973,-3.497463,,
14599389,,,,,,,,,,22,4,17,3,20,4,36.943950,-3.497517,,
14609459,,,,,,,,,,22,4,17,3,25,21,36.943843,-3.497517,,
14618564,,,,,,,,,,22,4,17,3,30,36,36.943870,-3.497453,,
14630710,,,,,,,,,,22,4,17,3,35,54,36.943893,-3.497502,,
14644804,,,,,,,,,,22,4,17,3,41,15,36.943824,-3.497417,,
14654913,,,,,,,,,,22,4,17,3,46,31,36.943687,-3.497389,,
14666038,,,,,,,,,,22,4,17,3,51,48,36.944145,-3.497401,,
14679141,,,,,,,,,,22,4,17,3,57,7,36.944126,-3.497416,,
14688255,,,,,,,,,,22,4,17,4,2,23,36.943992,-3.497341,,
14697402,,,,,,,,,,22,4,17,4,7,38,36.944007,-3.497299,,
14712759,,,,,,,,,,22,4,17,4,13,0,36.944080,-3.497318,,
14732701,,,,,,,,,,22,4,17,4,18,26,36.944049,-3.497446,,
14793857,,,,,,,,,,22,4,17,4,24,33,36.943916,-3.497523,,
14805898,,,,,,,,,,22,4,17,4,29,51,36.944095,-3.497163,,
14815014,,,,,,,,,,22,4,17,4,35,6,36.943775,-3.497121,,
14825142,,,,,,,,,,22,4,17,4,40,22,36.943698,-3.497061,,
14839298,,,,,,,,,,22,4,17,4,45,42,36.943866,-3.497220,,
14851447,,,,,,,,,,22,4,17,4,51,1,36.943775,-3.497272,,
14862658,,,,,,,,,,22,4,17,4,56,18,36.943988,-3.497496,,
14881010,,,,,,,,,,22,4,17,5,1,43,36.943916,-3.497538,,
14889880,,,,,,,,,,22,4,17,5,6,58,36.943973,-3.497499,,
14900042,,,,,,,,,,22,4,17,5,12,13,36.943977,-3.497513,,
14917426,,,,,,,,,,22,4,17,5,17,37,36.943862,-3.497533,,
14926541,,,,,,,,,,22,4,17,5,22,52,36.943855,-3.497496,,
14947355,,,,,,,,,,22,4,17,5,28,19,36.943920,-3.497503,,
14961659,,,,,,,,,,22,4,17,5,33,39,36.943855,-3.497618,,
14974727,,,,,,,,,,22,4,17,5,38,58,36.943988,-3.497435,,
14991469,,,,,,,,,,22,4,17,5,44,21,36.944038,-3.497402,,
15002555,,,,,,,,,,22,4,17,5,49,37,36.943851,-3.497521,,
15014628,,,,,,,,,,22,4,17,5,54,55,36.943958,-3.497951,,
15032526,,,,,,,,,,22,4,17,6,0,20,36.943977,-3.497428,,
15042160,,,,,,,,,,22,4,17,6,5,35,36.943679,-3.497573,,
15050596,,,,,,,,,,22,4,17,6,10,49,36.943683,-3.497642,,
15059954,,,,,,,,,,22,4,17,6,16,4,36.943881,-3.497526,,
15073064,,,,,,,,,,22,4,17,6,21,23,36.943748,-3.497650,,
15089913,,,,,,,,,,22,4,17,6,26,46,36.943626,-3.498070,,
15100012,,,,,,,,,,22,4,17,6,32,1,36.943710,-3.497810,,
15112083,,,,,,,,,,22,4,17,6,37,19,36.943645,-3.497823,,
15121158,,,,,,,,,,22,4,17,6,42,34,36.943683,-3.497630,,
15132223,,,,,,,,,,22,4,17,6,47,51,36.943737,-3.497610,,
15141316,,,,,,,,,,22,4,17,6,53,7,36.943698,-3.497627,,
15160088,,,,,,,,,,22,4,17,6,58,32,36.943733,-3.497613,,
15168693,,,,,,,,,,22,4,17,7,3,46,36.943744,-3.497490,,
15178192,,,,,,,,,,22,4,17,7,9,1,36.943683,-3.497477,,
15196604,,,,,,,,,,22,4,17,7,14,25,36.943889,-3.497459,,
15206668,,,,,,,,,,22,4,17,7,19,41,36.943847,-3.497303,,
15217715,,,,,,,,,,22,4,17,7,24,58,36.943885,-3.497615,,
15256338,,,,,,,,,,22,4,17,7,30,43,36.943969,-3.497433,,
15265356,,,,,,,,,,22,4,17,7,35,58,36.943870,-3.497459,,
15274445,,,,,,,,,,22,4,17,7,41,13,36.943733,-3.497386,,
15289572,,,,,,,,,,22,4,17,7,46,34,36.943702,-3.497264,,
15311684,,,,,,,,,,22,4,17,7,52,2,36.943733,-3.497358,,
15330826,,,,,,,,,,22,4,17,7,57,26,36.943851,-3.497157,,
15341052,,,,,,,,,,22,4,17,8,2,41,36.943740,-3.497251,,
15353272,,,,,,,,,,22,4,17,8,7,59,36.943737,-3.497260,,
15369083,,,,,,,,,,22,4,17,8,13,21,36.943675,-3.497563,,
15381295,,,,,,,,,,22,4,17,8,18,38,36.943714,-3.497382,,
15391422,,,,,,,,,,22,4,17,8,23,53,36.943553,-3.497397,,
15403526,,,,,,,,,,22,4,17,8,29,11,36.943531,-3.497349,,
15420887,,,,,,,,,,22,4,17,8,34,35,36.943748,-3.497455,,
15437311,,,,,,,,,,22,4,17,8,39,57,36.943771,-3.497333,,
15448485,,,,,,,,,,22,4,17,8,45,13,36.943885,-3.497380,,
15459641,,,,,,,,,,22,4,17,8,50,30,36.943603,-3.497267,,
15513940,,,,,,,,,,22,4,17,8,56,31,36.943969,-3.497491,,
15530668,,,,,,,,,,22,4,17,9,1,53,36.944011,-3.497522,,
15541686,,,,,,,,,,22,4,17,9,7,9,36.943984,-3.497496,,
15554232,,,,,,,,,,22,4,17,9,12,27,36.944019,-3.497485,,
15562260,,,,,,,,,,22,4,17,9,17,39,36.943927,-3.497600,,
15575111,,,,,,,,,,22,4,17,9,22,58,36.943908,-3.497503,,
15585126,,,,,,,,,,22,4,17,9,28,12,36.943901,-3.497494,,
